Board    0
Tmask    0x1
start    150
step     1
Nstep    200
time     0.500000

THRESHOLD    CH[0]    T_OR_cnt    Q_OR_cnt
  349    2.000e+00     2.000e+00     0.000e+00
  348    1.000e+01     1.000e+01     0.000e+00
  347    0.000e+00     0.000e+00     0.000e+00
  346    8.000e+00     8.000e+00     0.000e+00
  345    2.000e+00     2.000e+00     0.000e+00
  344    4.000e+00     4.000e+00     0.000e+00
  343    4.000e+00     4.000e+00     0.000e+00
  342    2.000e+00     2.000e+00     0.000e+00
  341    6.000e+00     6.000e+00     0.000e+00
  340    8.000e+00     8.000e+00     0.000e+00
  339    1.000e+01     1.000e+01     0.000e+00
  338    2.400e+01     2.400e+01     0.000e+00
  337    1.800e+01     1.800e+01     0.000e+00
  336    2.800e+01     2.800e+01     0.000e+00
  335    2.400e+01     2.400e+01     0.000e+00
  334    2.400e+01     2.400e+01     0.000e+00
  333    3.600e+01     3.600e+01     0.000e+00
  332    3.400e+01     3.400e+01     0.000e+00
  331    5.200e+01     5.200e+01     0.000e+00
  330    4.400e+01     4.400e+01     0.000e+00
  329    5.000e+01     5.000e+01     0.000e+00
  328    6.400e+01     6.400e+01     0.000e+00
  327    5.000e+01     5.000e+01     0.000e+00
  326    4.200e+01     4.200e+01     0.000e+00
  325    6.600e+01     6.600e+01     0.000e+00
  324    3.800e+01     3.800e+01     0.000e+00
  323    4.200e+01     4.200e+01     0.000e+00
  322    4.600e+01     4.600e+01     0.000e+00
  321    7.800e+01     7.800e+01     0.000e+00
  320    7.600e+01     7.600e+01     0.000e+00
  319    7.200e+01     7.200e+01     0.000e+00
  318    7.400e+01     7.400e+01     0.000e+00
  317    6.400e+01     6.400e+01     0.000e+00
  316    8.400e+01     8.400e+01     0.000e+00
  315    1.000e+02     1.000e+02     0.000e+00
  314    1.040e+02     1.040e+02     0.000e+00
  313    1.040e+02     1.040e+02     0.000e+00
  312    7.400e+01     7.400e+01     0.000e+00
  311    1.120e+02     1.120e+02     0.000e+00
  310    9.400e+01     9.400e+01     0.000e+00
  309    1.140e+02     1.140e+02     0.000e+00
  308    1.320e+02     1.320e+02     0.000e+00
  307    1.080e+02     1.080e+02     0.000e+00
  306    1.140e+02     1.140e+02     0.000e+00
  305    1.180e+02     1.180e+02     0.000e+00
  304    1.220e+02     1.220e+02     0.000e+00
  303    1.180e+02     1.180e+02     0.000e+00
  302    1.120e+02     1.120e+02     0.000e+00
  301    1.460e+02     1.460e+02     0.000e+00
  300    1.620e+02     1.620e+02     0.000e+00
  299    1.000e+02     1.000e+02     0.000e+00
  298    1.620e+02     1.620e+02     0.000e+00
  297    1.440e+02     1.440e+02     0.000e+00
  296    1.520e+02     1.520e+02     0.000e+00
  295    1.440e+02     1.440e+02     0.000e+00
  294    1.520e+02     1.520e+02     0.000e+00
  293    1.360e+02     1.360e+02     0.000e+00
  292    1.580e+02     1.580e+02     0.000e+00
  291    1.940e+02     1.940e+02     0.000e+00
  290    2.200e+02     2.200e+02     0.000e+00
  289    2.360e+02     2.380e+02     0.000e+00
  288    2.620e+02     2.640e+02     0.000e+00
  287    3.080e+02     3.100e+02     0.000e+00
  286    4.400e+02     4.440e+02     0.000e+00
  285    5.580e+02     5.640e+02     0.000e+00
  284    6.580e+02     6.620e+02     0.000e+00
  283    9.760e+02     9.760e+02     0.000e+00
  282    1.164e+03     1.170e+03     0.000e+00
  281    1.416e+03     1.424e+03     0.000e+00
  280    1.716e+03     1.720e+03     0.000e+00
  279    1.814e+03     1.818e+03     0.000e+00
  278    2.114e+03     2.122e+03     0.000e+00
  277    2.266e+03     2.272e+03     0.000e+00
  276    2.546e+03     2.546e+03     0.000e+00
  275    2.774e+03     2.774e+03     0.000e+00
  274    2.970e+03     2.972e+03     0.000e+00
  273    3.088e+03     3.088e+03     0.000e+00
  272    3.170e+03     3.170e+03     0.000e+00
  271    3.266e+03     3.272e+03     0.000e+00
  270    3.302e+03     3.296e+03     0.000e+00
  269    3.426e+03     3.426e+03     0.000e+00
  268    3.594e+03     3.594e+03     0.000e+00
  267    3.712e+03     3.706e+03     0.000e+00
  266    3.772e+03     3.766e+03     0.000e+00
  265    3.852e+03     3.850e+03     0.000e+00
  264    3.974e+03     3.968e+03     0.000e+00
  263    4.220e+03     4.214e+03     0.000e+00
  262    4.204e+03     4.200e+03     0.000e+00
  261    4.386e+03     4.378e+03     0.000e+00
  260    4.432e+03     4.430e+03     0.000e+00
  259    4.586e+03     4.584e+03     0.000e+00
  258    4.566e+03     4.568e+03     0.000e+00
  257    4.844e+03     4.840e+03     0.000e+00
  256    4.814e+03     4.798e+03     0.000e+00
  255    4.814e+03     4.800e+03     0.000e+00
  254    5.022e+03     5.010e+03     0.000e+00
  253    5.130e+03     5.116e+03     0.000e+00
  252    5.294e+03     5.284e+03     0.000e+00
  251    5.242e+03     5.214e+03     0.000e+00
  250    5.378e+03     5.356e+03     0.000e+00
  249    5.350e+03     5.334e+03     0.000e+00
  248    5.614e+03     5.592e+03     0.000e+00
  247    5.604e+03     5.586e+03     0.000e+00
  246    5.714e+03     5.696e+03     0.000e+00
  245    5.836e+03     5.810e+03     0.000e+00
  244    5.942e+03     5.902e+03     0.000e+00
  243    5.726e+03     5.702e+03     0.000e+00
  242    6.390e+03     6.352e+03     0.000e+00
  241    6.114e+03     6.084e+03     0.000e+00
  240    6.420e+03     6.368e+03     0.000e+00
  239    6.762e+03     6.700e+03     0.000e+00
  238    6.888e+03     6.830e+03     0.000e+00
  237    7.068e+03     7.022e+03     0.000e+00
  236    7.342e+03     7.278e+03     0.000e+00
  235    8.102e+03     8.038e+03     0.000e+00
  234    9.522e+03     9.444e+03     0.000e+00
  233    1.148e+04     1.145e+04     0.000e+00
  232    1.580e+04     1.584e+04     0.000e+00
  231    2.121e+04     2.126e+04     0.000e+00
  230    3.099e+04     3.100e+04     0.000e+00
  229    4.551e+04     4.550e+04     0.000e+00
  228    6.407e+04     6.403e+04     0.000e+00
  227    8.718e+04     8.693e+04     0.000e+00
  226    1.103e+05     1.099e+05     0.000e+00
  225    1.330e+05     1.323e+05     0.000e+00
  224    1.526e+05     1.516e+05     0.000e+00
  223    1.716e+05     1.701e+05     0.000e+00
  222    1.827e+05     1.808e+05     0.000e+00
  221    1.888e+05     1.864e+05     0.000e+00
  220    1.933e+05     1.905e+05     0.000e+00
  219    1.973e+05     1.942e+05     0.000e+00
  218    1.999e+05     1.964e+05     0.000e+00
  217    2.008e+05     1.969e+05     0.000e+00
  216    2.012e+05     1.970e+05     0.000e+00
  215    2.017e+05     1.973e+05     0.000e+00
  214    2.032e+05     1.986e+05     0.000e+00
  213    2.030e+05     1.982e+05     0.000e+00
  212    2.037e+05     1.986e+05     0.000e+00
  211    2.033e+05     1.982e+05     0.000e+00
  210    2.030e+05     1.977e+05     0.000e+00
  209    2.030e+05     1.979e+05     0.000e+00
  208    2.034e+05     1.980e+05     0.000e+00
  207    2.031e+05     1.975e+05     0.000e+00
  206    2.022e+05     1.969e+05     0.000e+00
  205    2.029e+05     1.976e+05     0.000e+00
  204    2.028e+05     1.974e+05     0.000e+00
  203    2.027e+05     1.974e+05     0.000e+00
  202    2.017e+05     1.963e+05     0.000e+00
  201    2.019e+05     1.968e+05     0.000e+00
  200    2.015e+05     1.963e+05     0.000e+00
  199    2.025e+05     1.973e+05     0.000e+00
  198    2.019e+05     1.968e+05     0.000e+00
  197    2.011e+05     1.960e+05     0.000e+00
  196    2.018e+05     1.968e+05     0.000e+00
  195    2.016e+05     1.965e+05     0.000e+00
  194    2.024e+05     1.973e+05     0.000e+00
  193    2.021e+05     1.967e+05     0.000e+00
  192    2.013e+05     1.956e+05     0.000e+00
  191    2.009e+05     1.951e+05     0.000e+00
  190    2.019e+05     1.961e+05     0.000e+00
  189    2.025e+05     1.967e+05     0.000e+00
  188    2.017e+05     1.961e+05     0.000e+00
  187    2.005e+05     1.953e+05     0.000e+00
  186    2.009e+05     1.957e+05     0.000e+00
  185    2.013e+05     1.956e+05     0.000e+00
  184    2.029e+05     1.964e+05     0.000e+00
  183    2.048e+05     1.973e+05     0.000e+00
  182    2.057e+05     1.963e+05     0.000e+00
  181    2.126e+05     2.009e+05     0.000e+00
  180    2.274e+05     2.128e+05     0.000e+00
  179    2.762e+05     2.565e+05     0.000e+00
  178    4.194e+05     3.813e+05     0.000e+00
  177    8.415e+05     7.175e+05     0.000e+00
  176    1.887e+06     1.430e+06     0.000e+00
  175    3.750e+06     2.465e+06     0.000e+00
  174    7.167e+06     3.894e+06     0.000e+00
  173    1.140e+07     4.890e+06     0.000e+00
  172    1.560e+07     4.889e+06     0.000e+00
  171    1.874e+07     2.681e+06     0.000e+00
  170    2.545e+07     0.000e+00     0.000e+00
  169    2.558e+07     0.000e+00     0.000e+00
  168    2.389e+07     0.000e+00     0.000e+00
  167    1.650e+07     0.000e+00     0.000e+00
  166    1.400e+07     0.000e+00     0.000e+00
  165    1.040e+07     0.000e+00     0.000e+00
  164    6.238e+06     0.000e+00     0.000e+00
  163    2.966e+06     0.000e+00     0.000e+00
  162    1.636e+06     0.000e+00     0.000e+00
  161    1.006e+06     0.000e+00     0.000e+00
  160    6.099e+05     0.000e+00     0.000e+00
  159    3.063e+05     0.000e+00     0.000e+00
  158    1.784e+05     0.000e+00     0.000e+00
  157    1.058e+05     0.000e+00     0.000e+00
  156    6.564e+04     0.000e+00     0.000e+00
  155    4.117e+04     0.000e+00     0.000e+00
  154    2.641e+04     0.000e+00     0.000e+00
  153    1.598e+04     0.000e+00     0.000e+00
  152    9.842e+03     0.000e+00     0.000e+00
  151    6.720e+03     0.000e+00     0.000e+00
  150    4.554e+03     0.000e+00     0.000e+00
